183
0
10 110 275.028774 121 105.335865 52 52.821762 51 52.525463 50 32.478223 132 24.272848 53 23.555337 143 20.860539 49 16.489031 25 8.816473 
1
10 12 214.534184 143 126.649787 44 125.896022 164 116.847907 154 116.168502 55 111.551756 77 103.674951 36 103.423250 25 101.916130 19 100.973009 
2
10 181 914.543427 180 838.055694 182 785.148729 179 778.706969 178 727.517289 3 650.374159 177 612.684811 173 595.834271 176 573.896903 175 437.600150 
3
10 2 650.374159 182 584.768274 181 530.170023 4 503.723037 180 486.342591 5 358.487962 179 329.988345 174 321.237585 178 303.078496 175 295.786130 
4
10 3 503.723037 5 465.679037 6 405.869308 2 392.120693 182 254.340078 181 250.309790 180 231.116610 7 200.662277 174 159.325949 175 144.119529 
5
10 4 465.679037 6 462.355346 7 359.051297 3 358.487962 2 187.031301 8 175.160532 182 115.007569 181 111.769777 180 102.364656 9 81.644242 
6
10 5 462.355346 7 461.734338 4 405.869308 8 366.512940 3 212.778280 9 182.967136 10 95.476744 2 92.031396 182 52.203347 181 49.886903 
7
10 6 461.734338 8 429.471737 5 359.051297 9 343.805602 4 200.662277 10 198.027548 3 101.361570 11 98.106867 13 44.883498 2 41.538638 
8
10 7 429.471737 9 386.884216 10 383.817359 6 366.512940 11 190.751782 5 175.160532 4 91.081831 13 87.189992 3 46.178736 14 42.338792 
9
10 8 386.884216 7 343.805602 11 328.697582 10 327.206739 6 182.967136 13 158.977364 5 81.644242 14 81.292169 4 39.095107 15 28.930121 
10
10 8 383.817359 9 327.206739 11 306.809097 13 271.611466 7 198.027548 14 152.280811 6 95.476744 15 53.956376 5 40.440982 16 21.251090 
11
10 9 328.697582 13 309.470069 10 306.809097 14 259.502190 8 190.751782 7 98.106867 15 95.383014 6 43.852813 16 42.001194 27 41.400573 
12
10 164 260.801839 172 250.597372 1 214.534184 55 211.522106 44 211.360182 66 199.638291 154 191.790723 77 189.037488 36 148.213785 25 125.195096 
13
10 11 309.470069 14 303.937675 10 271.611466 15 201.789617 9 158.977364 27 132.080129 29 121.862895 28 119.934441 30 118.497151 16 96.640715 
14
10 13 303.937675 11 259.502190 15 222.082484 27 188.003675 29 179.304894 28 179.204538 17 173.456339 16 172.454301 30 165.245637 10 152.280811 
15
10 17 260.270769 16 230.117528 14 222.082484 13 201.789617 28 180.987921 27 175.986140 30 173.825801 29 167.281493 18 161.569137 26 151.156505 
16
10 15 230.117528 14 172.454301 29 147.566765 27 145.280051 28 137.589782 30 137.329031 31 136.975658 18 133.734185 26 124.020134 13 96.640715 
17
10 15 260.270769 14 173.456339 29 171.197992 27 162.765350 30 160.655375 28 151.418332 31 148.668033 26 144.747731 18 135.981496 24 106.399833 
18
10 28 256.205317 26 252.857152 27 251.451437 29 228.754667 30 221.447049 24 215.746570 15 161.569137 23 160.366268 22 143.835613 17 135.981496 
19
10 105 267.828066 106 260.701007 104 259.126140 108 259.011792 107 252.218140 77 234.505681 58 230.887498 109 225.427968 59 139.765597 111 123.168503 
20
10 27 374.933027 24 366.373219 28 360.498848 29 347.570961 26 347.084321 30 326.752473 31 185.361846 18 129.835391 17 79.041869 14 76.558692 
21
10 29 377.002126 28 371.208383 27 370.575369 24 359.386881 26 359.136073 30 342.204497 31 176.348704 18 132.115348 17 78.522098 14 78.283897 
22
10 27 394.871025 28 391.775653 29 386.726400 26 358.857859 30 343.262170 24 329.584922 31 200.444005 18 143.835613 14 80.840095 17 77.506361 
23
10 27 425.343125 29 397.761732 28 387.809429 30 353.658763 26 350.444839 31 211.602370 18 160.366268 24 118.038477 17 99.593365 14 85.796392 
24
10 27 434.419304 28 420.643529 29 367.122693 20 366.373219 21 359.386881 30 329.726161 22 329.584922 26 309.945060 31 237.567806 18 215.746570 
25
10 106 281.931571 105 277.470981 104 276.881003 107 273.186853 108 271.247526 109 237.833489 58 234.409652 77 207.822973 59 137.294527 12 125.195096 
26
10 21 359.136073 22 358.857859 23 350.444839 20 347.084321 24 309.945060 18 252.857152 31 249.848537 15 151.156505 14 147.210116 17 144.747731 
27
10 24 434.419304 23 425.343125 22 394.871025 20 374.933027 21 370.575369 31 294.302318 18 251.451437 14 188.003675 15 175.986140 17 162.765350 
28
10 24 420.643529 22 391.775653 23 387.809429 21 371.208383 20 360.498848 31 287.535643 18 256.205317 15 180.987921 14 179.204538 17 151.418332 
29
10 23 397.761732 22 386.726400 21 377.002126 24 367.122693 20 347.570961 31 274.647635 18 228.754667 14 179.304894 17 171.197992 15 167.281493 
30
10 23 353.658763 22 343.262170 21 342.204497 24 329.726161 20 326.752473 31 272.530091 18 221.447049 15 173.825801 14 165.245637 17 160.655375 
31
10 27 294.302318 28 287.535643 29 274.647635 30 272.530091 26 249.848537 24 237.567806 23 211.602370 22 200.444005 20 185.361846 21 176.348704 
32
10 31 74.120120 30 64.435294 29 62.860969 28 61.511234 27 59.789416 33 55.652197 26 51.425300 18 46.877482 24 44.205456 34 38.195757 
33
10 35 190.185896 34 132.507160 37 101.717146 32 55.652197 38 30.128871 42 18.109574 41 16.653507 39 16.065848 31 14.371760 40 13.351828 
34
10 37 217.561038 35 205.920390 33 132.507160 38 70.765041 41 46.452153 39 39.716349 32 38.195757 42 38.124827 40 33.678611 43 18.861862 
35
10 37 211.616018 34 205.920390 33 190.185896 38 142.117055 41 80.954790 39 80.335560 40 67.390594 42 64.685733 43 40.065231 45 34.303510 
36
10 104 313.981043 105 282.017441 108 278.818274 106 276.800788 107 263.827038 77 261.050711 58 260.374405 109 215.343183 12 148.213785 59 140.093171 
37
10 38 251.350896 34 217.561038 35 211.616018 41 177.617658 39 171.957884 40 151.598714 42 148.459832 43 109.197627 33 101.717146 45 83.028192 
38
10 39 442.468798 40 398.446038 41 377.052313 42 347.080344 43 337.510315 45 270.970779 37 251.350896 35 142.117055 46 126.742540 34 70.765041 
39
10 43 566.752545 45 501.837807 38 442.468798 46 304.446607 42 229.624479 37 171.957884 47 158.340574 48 80.994872 35 80.335560 49 42.621805 
40
10 43 536.939203 45 467.839285 38 398.446038 46 292.597671 42 158.818761 37 151.598714 47 134.014864 48 76.671185 35 67.390594 49 44.606952 
41
10 43 416.200123 45 408.083983 38 377.052313 46 296.409091 37 177.617658 47 154.497305 35 80.954790 48 71.754941 34 46.452153 49 41.885389 
42
10 38 347.080344 46 292.842045 45 231.718935 39 229.624479 40 158.818761 37 148.459832 47 146.430795 48 78.988634 35 64.685733 43 59.945727 
43
10 39 566.752545 40 536.939203 41 416.200123 46 381.380077 38 337.510315 47 186.344137 37 109.197627 48 99.802877 45 81.301197 42 59.945727 
44
10 104 346.682591 105 306.760718 108 291.549436 106 289.860109 107 283.214110 58 281.186072 77 240.603926 109 223.304702 12 211.360182 59 155.014484 
45
10 39 501.837807 40 467.839285 41 408.083983 46 338.472277 38 270.970779 47 248.017785 42 231.718935 48 133.057690 37 83.028192 43 81.301197 
46
10 43 381.380077 45 338.472277 47 324.794834 39 304.446607 41 296.409091 42 292.842045 40 292.597671 48 259.295387 49 134.746457 38 126.742540 
47
10 48 372.689805 49 352.100173 46 324.794834 45 248.017785 43 186.344137 39 158.340574 50 156.816580 41 154.497305 42 146.430795 40 134.014864 
48
10 49 441.563149 47 372.689805 50 327.895691 46 259.295387 51 135.127888 45 133.057690 43 99.802877 39 80.994872 42 78.988634 40 76.671185 
49
10 50 455.592333 48 441.563149 47 352.100173 51 307.482639 46 134.746457 52 113.444554 45 67.175686 43 52.646403 42 47.919475 40 44.606952 
50
10 51 509.703377 49 455.592333 48 327.895691 52 280.790314 47 156.816580 53 92.354432 46 50.981302 0 32.478223 96 28.708959 54 27.488017 
51
10 52 548.807656 50 509.703377 49 307.482639 53 277.160187 48 135.127888 54 93.423386 47 55.728213 0 52.525463 96 49.873281 110 39.758940 
52
10 51 548.807656 53 479.240681 50 280.790314 54 230.908937 49 113.444554 56 74.338780 96 53.355223 0 52.821762 110 48.775163 48 37.701582 
53
10 52 479.240681 54 409.560957 51 277.160187 56 212.491350 50 92.354432 57 65.476476 110 42.238372 49 34.461313 106 28.994734 108 28.895870 
54
10 53 409.560957 56 404.331394 52 230.908937 57 193.311303 51 93.423386 106 74.726824 58 74.294840 107 73.049612 108 69.120990 105 64.886254 
55
10 104 393.802834 105 351.516241 108 347.112233 107 343.825415 106 341.841845 58 302.093938 109 265.201002 12 211.522106 77 184.213818 59 168.032823 
56
10 54 404.331394 57 394.426107 53 212.491350 108 199.977230 58 198.150413 107 191.751804 106 190.225308 105 189.104831 104 177.317413 109 132.028440 
57
10 58 431.195483 108 426.945073 107 426.034137 105 417.096699 104 409.755211 106 409.648756 56 394.426107 109 327.412865 77 267.322335 66 224.100518 
58
10 59 485.694357 57 431.195483 66 413.038066 111 357.437445 77 332.150295 55 302.093938 44 281.186072 36 260.374405 25 234.409652 19 230.887498 
59
10 58 485.694357 106 467.760583 108 454.501662 107 449.249846 105 447.309273 104 396.096175 60 349.039674 77 315.793868 109 297.456337 112 258.224029 
60
10 59 349.039674 117 327.844252 116 322.046928 118 302.710804 115 301.874586 61 297.956206 114 274.160220 119 248.611012 111 243.536808 109 218.491493 
61
10 60 297.956206 62 282.404182 63 278.193531 120 254.475653 119 232.120332 122 209.114143 112 197.693713 118 163.808556 64 162.757850 59 161.855811 
62
10 63 363.970133 64 353.439972 115 328.383907 114 328.228775 116 326.078605 117 313.138604 65 304.566652 122 287.122121 69 286.067281 61 282.404182 
63
10 65 467.140731 69 423.723347 64 401.811859 70 366.973269 62 363.970133 68 360.667574 123 342.295766 117 314.308806 118 308.581467 119 308.399808 
64
10 63 401.811859 120 377.309326 71 355.563971 70 353.605160 62 353.439972 122 350.224235 125 336.171019 119 287.508231 126 271.609438 123 267.951986 
65
10 63 467.140731 122 385.316812 71 382.376022 120 346.474896 62 304.566652 125 288.965175 72 278.741941 126 274.082147 123 272.455735 119 262.295767 
66
10 105 479.345552 108 473.110166 106 469.226777 107 468.397340 104 439.530887 58 413.038066 109 364.309950 59 229.404341 57 224.100518 111 202.731890 
67
10 71 244.253907 63 228.761425 120 201.046591 122 199.424430 62 183.042378 72 181.820200 119 175.618636 126 165.881686 125 136.455013 127 129.460348 
68
10 122 370.083661 71 366.461236 63 360.667574 120 334.415472 126 280.612023 125 272.145294 72 269.949403 123 269.527258 62 268.090302 119 260.302974 
69
10 71 427.735354 63 423.723347 122 407.730517 120 342.138530 125 308.084228 123 303.005666 72 295.663197 126 292.870648 62 286.067281 119 271.669190 
70
10 122 379.636871 63 366.973269 71 365.955192 64 353.605160 72 349.181707 123 346.271037 126 318.134743 120 295.559754 73 247.273252 125 239.753125 
71
10 69 427.735354 73 400.031384 65 382.376022 68 366.461236 70 365.955192 124 364.912632 64 355.563971 74 340.513380 123 335.620384 125 313.073527 
72
10 74 427.602697 75 354.660246 70 349.181707 76 318.831791 125 314.951364 126 312.727230 78 306.775073 69 295.663197 124 293.501903 79 289.567115 
73
10 71 400.031384 76 353.574546 80 324.680994 78 311.348916 79 306.126982 81 302.284620 82 292.403210 70 247.273252 126 241.182225 72 237.468114 
74
10 72 427.602697 71 340.513380 83 266.486608 70 199.192651 126 192.720260 78 186.388501 82 181.849210 81 180.470783 80 177.504562 79 172.241346 
75
10 72 354.660246 82 342.786847 71 260.394877 83 257.229535 70 196.876150 73 186.616459 65 169.646421 69 160.343048 126 150.612326 64 148.228773 
76
10 73 353.574546 82 342.580316 72 318.831791 83 221.472775 71 217.197430 70 168.773843 74 164.778415 65 144.140894 69 139.916371 64 121.764788 
77
10 108 500.264798 107 481.871256 106 457.614242 109 403.306486 105 370.266592 58 332.150295 59 315.793868 57 267.322335 36 261.050711 111 256.833395 
78
10 82 437.055453 73 311.348916 72 306.775073 83 239.751449 71 223.420131 74 186.388501 70 169.646374 65 156.059852 69 147.310909 64 128.945050 
79
10 82 457.020110 73 306.126982 72 289.567115 83 256.132446 71 203.647698 74 172.241346 70 160.097991 65 142.314149 69 138.500573 86 127.803770 
80
10 82 438.980449 73 324.680994 72 273.412393 83 236.831939 71 207.215000 74 177.504562 70 156.378379 69 138.844313 65 138.444190 126 123.402707 
81
10 82 435.269069 73 302.284620 72 258.141079 83 228.612638 71 197.933786 74 180.470783 70 149.020979 126 128.461120 69 127.770442 127 120.183543 
82
10 79 457.020110 80 438.980449 78 437.055453 81 435.269069 75 342.786847 76 342.580316 83 327.018873 73 292.403210 72 233.074301 85 217.073626 
83
10 86 344.371888 85 330.980087 82 327.018873 84 325.014905 87 300.003088 88 297.232938 74 266.486608 89 258.606814 75 257.229535 79 256.132446 
84
10 89 333.269651 88 329.615689 83 325.014905 90 296.781863 98 254.731515 91 253.593584 92 243.261973 97 239.112743 99 234.603058 93 200.149901 
85
10 88 350.818436 89 346.098632 83 330.980087 90 305.507589 98 268.485694 97 267.813295 99 259.548692 91 251.777015 92 242.629046 82 217.073626 
86
10 88 370.818923 89 368.547328 83 344.371888 90 332.036972 98 267.938405 97 263.757945 91 261.729378 99 254.854169 92 252.413064 93 219.998433 
87
10 90 400.203700 91 351.121668 89 347.212567 92 336.468838 98 323.148482 97 318.550542 99 315.012926 95 311.682581 83 300.003088 93 299.227377 
88
10 91 462.329745 92 462.312197 93 435.986429 95 413.212076 94 412.389068 97 373.007376 86 370.818923 99 354.663492 98 352.628314 85 350.818436 
89
10 92 478.765786 93 466.190584 94 454.685514 95 445.405870 86 368.547328 87 347.212567 85 346.098632 84 333.269651 129 283.300260 128 273.526001 
90
10 87 400.203700 86 332.036972 129 315.043975 128 314.751520 85 305.507589 88 300.290456 84 296.781863 94 289.144176 93 280.525384 130 242.793445 
91
10 88 462.329745 87 351.121668 128 326.338268 129 278.416815 89 265.835988 86 261.729378 84 253.593584 85 251.777015 127 239.222523 130 234.255290 
92
10 89 478.765786 88 462.312197 87 336.468838 128 283.961852 127 262.146863 86 252.413064 84 243.261973 85 242.629046 99 241.752011 130 200.857098 
93
10 89 466.190584 88 435.986429 87 299.227377 90 280.525384 127 258.070305 128 234.871760 99 231.350527 86 219.998433 85 209.929271 84 200.149901 
94
10 89 454.685514 88 412.389068 87 294.889840 90 289.144176 128 267.782633 127 254.105748 99 219.921901 85 203.681659 86 202.052592 84 199.649091 
95
10 89 445.405870 88 413.212076 87 311.682581 128 295.151517 101 255.923645 130 242.037568 102 226.299554 127 225.869413 100 218.245028 85 208.039362 
96
10 110 283.479275 121 128.803364 52 53.355223 51 49.873281 50 28.708959 132 26.240360 53 25.162634 143 21.776445 49 15.274671 25 12.056449 
97
10 88 373.007376 87 318.550542 101 313.079941 130 307.390909 85 267.813295 86 263.757945 102 263.006429 129 262.474426 128 254.211698 100 254.116544 
98
10 88 352.628314 101 330.241625 87 323.148482 130 308.440997 100 273.623477 102 269.143579 85 268.485694 86 267.938405 129 263.881435 84 254.731515 
99
10 88 354.663492 87 315.012926 101 309.241031 102 306.279646 130 271.685515 89 269.992392 129 268.812257 85 259.548692 86 254.854169 92 241.752011 
100
10 98 273.623477 97 254.116544 95 218.245028 88 215.033620 129 204.298607 87 200.848135 131 199.142129 130 185.674549 99 181.384556 89 175.325459 
101
10 98 330.241625 130 324.777564 97 313.079941 99 309.241031 95 255.923645 131 245.015912 129 230.317667 91 204.668662 88 199.261518 90 197.570450 
102
10 130 326.533794 99 306.279646 98 269.143579 97 263.006429 95 226.299554 129 206.441790 91 190.563146 94 189.892850 133 175.710417 90 175.422797 
103
10 131 76.093795 133 70.865411 102 66.139921 101 56.313658 130 49.636795 100 48.327180 136 32.466444 138 31.418226 137 31.104683 91 30.892818 
104
10 66 439.530887 57 409.755211 59 396.096175 55 393.802834 111 357.111385 44 346.682591 109 333.878358 36 313.981043 25 276.881003 19 259.126140 
105
10 66 479.345552 111 457.360903 59 447.309273 57 417.096699 77 370.266592 55 351.516241 44 306.760718 36 282.017441 25 277.470981 19 267.828066 
106
10 66 469.226777 59 467.760583 77 457.614242 111 435.486940 57 409.648756 55 341.841845 44 289.860109 25 281.931571 36 276.800788 19 260.701007 
107
10 77 481.871256 66 468.397340 59 449.249846 111 447.051718 57 426.034137 55 343.825415 44 283.214110 25 273.186853 36 263.827038 19 252.218140 
108
10 77 500.264798 66 473.110166 111 465.035182 59 454.501662 57 426.945073 55 347.112233 44 291.549436 36 278.818274 25 271.247526 19 259.011792 
109
10 77 403.306486 111 388.759906 66 364.309950 104 333.878358 57 327.412865 112 299.120132 59 297.456337 55 265.201002 113 257.799780 25 237.833489 
110
10 96 283.479275 0 275.028774 121 176.087833 52 48.775163 132 42.656779 53 42.238372 51 39.758940 143 30.605773 54 21.218351 50 19.942377 
111
10 113 489.521644 112 473.947434 108 465.035182 105 457.360903 107 447.051718 106 435.486940 114 414.963900 109 388.759906 58 357.437445 104 357.111385 
112
10 114 479.016174 111 473.947434 117 420.681713 115 395.807418 118 384.644217 116 380.699297 119 312.434924 109 299.120132 113 264.339511 59 258.224029 
113
10 111 489.521644 119 431.456581 118 382.389674 120 327.481782 112 264.339511 117 263.829514 109 257.799780 122 244.391867 59 242.081238 62 237.763077 
114
10 119 540.428200 112 479.016174 120 435.858436 111 414.963900 118 367.148182 122 353.892135 62 328.228775 60 274.160220 63 269.898859 59 246.193275 
115
10 119 550.948888 120 468.883817 112 395.807418 122 390.063153 111 332.431225 62 328.383907 60 301.874586 118 290.980132 63 269.145319 59 237.067679 
116
10 119 542.604080 120 507.631096 122 409.097659 112 380.699297 62 326.078605 60 322.046928 111 321.450905 63 297.812718 118 261.088966 123 248.926968 
117
10 120 500.598582 119 442.564972 122 434.159480 112 420.681713 60 327.844252 63 314.308806 62 313.138604 123 266.641538 113 263.829514 111 257.505902 
118
10 120 469.939480 122 447.766870 112 384.644217 113 382.389674 114 367.148182 63 308.581467 123 304.110449 60 302.710804 115 290.980132 62 277.577653 
119
10 115 550.948888 116 542.604080 114 540.428200 122 484.546114 117 442.564972 113 431.456581 123 412.836387 112 312.434924 63 308.399808 124 288.243926 
120
10 116 507.631096 117 500.598582 123 480.665909 118 469.939480 115 468.883817 114 435.858436 124 421.522478 64 377.309326 65 346.474896 69 342.138530 
121
10 110 176.087833 96 128.803364 0 105.335865 143 68.481758 132 61.979705 12 25.173030 54 23.358554 53 22.762972 25 21.417637 154 21.013841 
122
10 124 494.669396 119 484.546114 125 448.191368 118 447.766870 117 434.159480 116 409.097659 69 407.730517 115 390.063153 65 385.316812 70 379.636871 
123
10 125 524.907633 120 480.665909 126 438.460296 119 412.836387 70 346.271037 63 342.295766 71 335.620384 118 304.110449 69 303.005666 65 272.455735 
124
10 126 552.865399 122 494.669396 120 421.522478 71 364.912632 127 362.963985 63 306.039259 72 293.501903 119 288.243926 69 251.997818 64 242.943487 
125
10 123 524.907633 122 448.191368 127 428.835533 126 386.068429 64 336.171019 72 314.951364 71 313.073527 69 308.084228 120 302.606734 65 288.965175 
126
10 124 552.865399 123 438.460296 127 407.270501 125 386.068429 128 342.744655 122 324.679082 70 318.134743 72 312.727230 69 292.870648 68 280.612023 
127
10 125 428.835533 126 407.270501 128 363.252305 124 362.963985 71 306.280052 72 277.321706 129 265.807088 92 262.146863 93 258.070305 94 254.105748 
128
10 127 363.252305 126 342.744655 91 326.338268 129 321.511517 90 314.751520 95 295.151517 92 283.961852 89 273.526001 94 267.782633 97 254.211698 
129
10 128 321.511517 130 318.050098 90 315.043975 89 283.300260 91 278.416815 99 268.812257 127 265.807088 98 263.881435 97 262.474426 88 244.858511 
130
10 102 326.533794 101 324.777564 129 318.050098 98 308.440997 97 307.390909 131 304.182913 99 271.685515 90 242.793445 95 242.037568 91 234.255290 
131
10 130 304.182913 101 245.015912 99 231.960937 98 208.005119 129 206.554863 100 199.142129 97 191.615942 95 176.872214 133 167.543009 91 149.399310 
132
10 143 65.264187 121 61.979705 110 42.656779 154 36.709665 172 31.779482 164 31.129990 96 26.240360 12 24.812697 0 24.272848 1 21.962620 
133
10 130 210.954361 101 191.673834 102 175.710417 131 167.543009 100 153.147059 135 118.321638 136 107.539547 99 95.986749 129 85.097594 98 78.825133 
134
10 140 132.818827 137 125.632993 141 122.719240 139 119.896349 138 111.654251 131 110.027982 136 98.018094 101 91.680350 130 90.546479 102 78.106734 
135
10 139 158.917053 140 153.621528 141 151.693399 138 149.164335 133 118.321638 144 96.090157 131 92.723126 142 85.404228 137 80.972533 145 74.316544 
136
10 140 114.534668 133 107.539547 141 101.490521 134 98.018094 145 95.935839 139 94.386827 138 87.345949 144 82.659722 142 81.912763 146 72.039776 
137
10 146 207.669976 145 170.257153 142 130.530128 134 125.632993 144 117.123415 147 109.198222 141 96.555315 140 87.462993 135 80.972533 139 78.407848 
138
10 146 249.378472 147 211.436584 135 149.164335 134 111.654251 136 87.345949 145 71.321171 148 69.547769 137 64.907224 149 62.770167 133 55.356119 
139
10 146 253.749280 147 226.785861 135 158.917053 134 119.896349 145 101.967093 136 94.386827 137 78.407848 148 66.791710 133 57.344732 149 50.668978 
140
10 146 248.009736 147 233.049830 135 153.621528 145 138.152985 134 132.818827 136 114.534668 137 87.462993 148 75.690553 133 60.392234 149 57.570900 
141
10 146 260.191668 147 225.610319 145 173.448679 135 151.693399 134 122.719240 136 101.490521 137 96.555315 148 68.518063 149 59.741576 133 57.535620 
142
10 145 299.655874 146 290.155878 147 221.834006 137 130.530128 135 85.404228 136 81.912763 148 67.630954 134 65.126847 149 47.002513 133 34.845001 
143
10 154 164.715342 164 146.699134 172 138.263046 1 126.649787 12 81.802964 121 68.481758 132 65.264187 19 55.077476 77 51.499032 36 50.299373 
144
10 145 301.478775 146 287.906418 147 215.365796 137 117.123415 135 96.090157 136 82.659722 134 69.958779 148 60.865971 149 44.382472 133 38.959953 
145
10 144 301.478775 142 299.655874 147 199.208659 146 176.086683 141 173.448679 137 170.257153 140 138.152985 139 101.967093 136 95.935839 148 75.132629 
146
10 142 290.155878 144 287.906418 141 260.191668 139 253.749280 138 249.378472 140 248.009736 137 207.669976 145 176.086683 147 121.347045 149 86.446528 
147
10 140 233.049830 139 226.785861 141 225.610319 142 221.834006 144 215.365796 138 211.436584 145 199.208659 149 168.141069 150 159.068545 148 126.818257 
148
10 150 272.344712 149 196.737189 151 194.149524 152 131.476460 147 126.818257 146 83.613352 140 75.690553 145 75.132629 138 69.547769 141 68.518063 
149
10 151 283.254155 152 216.211160 150 203.528886 148 196.737189 147 168.141069 153 101.778618 146 86.446528 138 62.770167 155 60.847270 141 59.741576 
150
10 148 272.344712 152 254.423058 149 203.528886 151 191.835914 147 159.068545 153 155.974610 155 85.600771 146 65.885520 156 54.972253 138 53.488709 
151
10 149 283.254155 153 256.524716 152 214.575681 148 194.149524 150 191.835914 155 149.594085 147 112.311987 156 75.631390 157 61.482693 146 50.477863 
152
10 155 261.241921 150 254.423058 153 234.100259 149 216.211160 151 214.575681 156 140.134079 148 131.476460 157 111.449983 147 89.943575 158 81.307263 
153
10 156 295.717391 155 279.594418 151 256.524716 157 243.988961 152 234.100259 158 191.487640 150 155.974610 149 101.778618 159 76.620537 148 67.913143 
154
10 12 191.790723 143 164.715342 164 139.246858 1 116.168502 172 100.400156 44 84.720669 77 82.483144 36 75.688782 19 69.848158 66 68.939468 
155
10 157 419.970603 158 396.182911 153 279.594418 156 268.381411 152 261.241921 159 184.725309 151 149.594085 150 85.600771 162 76.545200 149 60.847270 
156
10 158 449.602374 157 362.787091 159 349.480100 153 295.717391 155 268.381411 152 140.134079 162 121.763291 161 90.215559 163 82.421587 151 75.631390 
157
10 159 461.327756 155 419.970603 156 362.787091 153 243.988961 162 220.245269 161 174.411972 163 159.179646 160 144.481969 152 111.449983 165 103.430007 
158
10 156 449.602374 159 423.478596 155 396.182911 162 270.720641 161 213.512490 163 203.662296 153 191.487640 160 174.935079 165 109.454197 152 81.307263 
159
10 162 474.977772 157 461.327756 158 423.478596 163 420.878005 161 413.589024 156 349.480100 160 269.090363 165 264.456103 155 184.725309 153 76.620537 
160
10 165 354.528488 159 269.090363 163 224.927437 158 174.935079 157 144.481969 166 106.603915 167 95.503536 168 87.025153 169 77.722922 176 70.368448 
161
10 165 603.531868 159 413.589024 158 213.512490 157 174.411972 166 160.736934 167 131.129328 168 108.137773 163 100.630594 156 90.215559 169 84.431025 
162
10 165 781.461026 159 474.977772 163 294.696908 158 270.720641 157 220.245269 166 204.740534 167 153.156037 156 121.763291 168 113.170895 169 102.136303 
163
10 165 648.967309 159 420.878005 162 294.696908 166 251.987239 160 224.927437 167 214.501074 158 203.662296 157 159.179646 168 141.763405 169 127.707936 
164
10 12 260.801839 143 146.699134 154 139.246858 1 116.847907 44 94.471314 77 91.047906 19 89.793118 25 88.657053 36 83.240041 55 80.234769 
165
10 162 781.461026 163 648.967309 161 603.531868 166 365.381230 160 354.528488 167 343.112534 159 264.456103 168 251.500601 169 220.996906 170 184.891527 
166
10 169 937.136129 168 915.644188 170 809.835940 171 573.732773 178 393.373592 165 365.381230 179 333.733519 177 327.669508 173 326.326861 176 301.864671 
167
10 169 977.274038 170 832.574764 171 615.170143 178 489.524610 177 414.496041 179 401.605560 173 376.475024 176 347.493158 165 343.112534 180 313.477878 
168
10 166 915.644188 170 885.088283 171 688.767618 178 625.805205 179 510.763074 177 510.412659 173 452.994842 176 420.195623 180 406.096647 181 383.646162 
169
10 167 977.274038 166 937.136129 178 684.569929 179 582.425912 177 560.543942 171 551.029449 173 495.709646 180 457.928134 181 451.711828 176 432.717450 
170
10 168 885.088283 167 832.574764 166 809.835940 178 749.272599 179 679.586331 177 613.622154 173 514.152642 180 489.112000 181 483.822354 182 481.763743 
171
10 178 817.367603 179 773.501298 168 688.767618 181 637.840519 177 631.603700 167 615.170143 182 613.801551 180 608.735357 166 573.732773 169 551.029449 
172
10 12 250.597372 143 138.263046 154 100.400156 44 95.130575 77 91.685834 19 89.357535 66 87.563483 25 87.329912 36 86.857304 55 81.257763 
173
10 180 877.939704 181 835.706154 182 795.591627 2 595.834271 170 514.152642 169 495.709646 171 486.143576 168 452.994842 167 376.475024 166 326.326861 
174
10 2 387.969827 3 321.237585 181 317.458169 171 291.116102 173 286.045570 177 284.242300 168 277.632861 180 276.133584 176 272.622112 169 257.102729 
175
10 2 437.600150 181 309.529985 3 295.786130 171 285.531471 173 282.600117 170 267.036796 182 263.935175 177 258.647444 168 255.756862 180 254.746746 
176
10 180 833.192791 181 827.236027 182 783.045665 2 573.896903 171 472.675350 170 444.699434 169 432.717450 168 420.195623 167 347.493158 166 301.864671 
177
10 181 992.511905 182 928.028765 180 918.765693 171 631.603700 170 613.622154 2 612.684811 169 560.543942 168 510.412659 167 414.496041 166 327.669508 
178
10 181 1153.686251 182 1067.790698 180 1007.514817 171 817.367603 170 749.272599 2 727.517289 169 684.569929 168 625.805205 167 489.524610 166 393.373592 
179
10 181 947.592972 182 861.485068 180 804.490695 2 778.706969 171 773.501298 170 679.586331 169 582.425912 168 510.763074 167 401.605560 166 333.733519 
180
10 178 1007.514817 177 918.765693 173 877.939704 2 838.055694 176 833.192791 179 804.490695 171 608.735357 170 489.112000 3 486.342591 169 457.928134 
181
10 178 1153.686251 177 992.511905 179 947.592972 2 914.543427 173 835.706154 176 827.236027 171 637.840519 3 530.170023 170 483.822354 169 451.711828 
182
10 178 1067.790698 177 928.028765 179 861.485068 173 795.591627 2 785.148729 176 783.045665 171 613.801551 3 584.768274 170 481.763743 169 415.156224 
